1 10
100 300
301 1000
1001 1500
1 1
10 10
100 100
1000 1000
10000 10000
100000 100000
999999 999999
1 2
12 34
123 456
1234 5678
12345 67890
111 222
333 444
555 666
777 888
1 999999
999999 500000
500000 250000
250000 125000
125000 61250
61250 30000
30000 15000
15000 7000
7000 3000
3000 1000
1000 500
421412 215892
21051 12580
12512 5250
25151 325732
1241 42189
242 4221
5698 125815
512 545
17 76
1136 982017
1010 101010
711473 886586
352147 452399
225291 573363
133834 579746
223983 813394
3453 22343
748079 874719
134895 276714
243312 673327
514167 655615
420849 608251
783285 955552
60272 175201
221474 834459
142067 824069
224597 740577
34567 34568
380288 832556
15348 553638
388868 556676
46982 886170
163788 416146
172215 486373
658506 879040
237166 319614
8165 625935
238052 329588
349083 585029
465129 944419
101131 759973
250776 455266
20959 424182
506952 833687
178467 393079
226525 453445
271511 339711
380656 625047
254395 256501
44146 763139
550859 998478
709843 975231
266306 401614
133337 980178
273131 918390
49448 798862
409299 580704
159632 181129
434699 730001
520486 664795
211782 415882
587979 897989
500000 1
50000 1
5000 1
500 1
50 1
5 1
111 150
1004 3000
3010 10000
10000 15000